[array([0.644295, 0.872483]), array([0.725451, 0.      ]), array([0.989736, 0.937592, 0.849609]), array([0.383979, 0.383515, 0.340147, 0.445246]), array([0.037439, 0.014236, 0.070689, 0.986304]), array([0.409594, 0.023713, 0.771229, 0.96649 , 0.130973]), array([0.039632, 0.201121, 0.140302, 0.063997, 0.319477, 0.78773 ]), array([0.093998, 0.081832, 0.154891, 0.104133, 0.912141, 0.345036,
       0.011181, 0.477351])]
[array([0.785234, 0.798657]), array([0.95992, 0.95992]), array([1.30658e-01, 7.68770e-02, 6.80000e-05]), array([0.441225, 0.430034, 0.274904, 0.431415]), array([0.      , 0.59648 , 0.999999, 0.999999]), array([0.408768, 0.      , 0.999999, 0.999999, 0.      ]), array([0.      , 0.      , 1.      , 0.198783, 0.377305, 0.792654]), array([0.173855, 0.145601, 0.141754, 0.086242, 0.999999, 0.457141,
       0.260715, 0.999999])]
[array([0.818791, 0.711409]), array([0.698058, 0.      ]), array([0.990706, 0.795157, 0.087796]), array([0.382064, 0.422612, 0.423813, 0.430108]), array([0.      , 0.79648 , 0.999999, 0.999999]), array([0.      , 0.      , 0.392984, 0.999999, 0.      ]), array([0.      , 0.424949, 0.      , 0.083071, 0.363094, 0.823966]), array([0.13053 , 0.145043, 0.199622, 0.056929, 0.701352, 0.471131,
       0.191028, 0.      ])]
[array([0.409396, 0.040268]), array([0.741335, 1.      ]), array([0.996345, 0.961156, 0.025695]), array([0.388813, 0.456742, 0.433948, 0.448556]), array([0.018201, 0.598992, 0.955729, 0.998108]), array([0.535575, 0.      , 0.36839 , 0.999999, 0.      ]), array([0.007106, 0.341672, 0.097422, 0.068118, 0.366155, 0.753175]), array([0.105972, 0.149435, 0.157841, 0.220093, 0.869536, 0.490015,
       0.18591 , 0.999999])]
[array([0.770285, 0.746087]), array([0.05, 0.95]), array([0.683102, 0.806806, 0.392104]), array([0.371066, 0.422591, 0.427371, 0.43079 ]), array([0.1     , 0.593535, 0.899999, 0.911213]), array([0.259594, 0.      , 0.921229, 0.999999, 0.      ]), array([0.053813, 0.341672, 0.3     , 0.088135, 0.354691, 0.745974]), array([0.      , 0.03404 , 0.209666, 0.153509, 0.999999, 0.551705,
       0.199997, 0.999999])]
[array([0.726024, 0.738   ]), array([0.697679, 0.65    ]), array([0.981431, 0.950647, 0.511337]), array([0.392081, 0.417992, 0.416776, 0.437443]), array([0.43712 , 0.835366, 0.700265, 0.312367]), array([0.41, 0.25, 0.77, 0.97, 0.2 ]), array([0.067403, 0.2     , 0.4     , 0.014328, 0.338968, 0.727934]), array([0.120036, 0.152437, 0.165666, 0.194783, 0.914473, 0.472016,
       0.192359, 0.999999])]
[array([0.73203, 0.783  ]), array([0.7 , 0.79]), array([0.977494, 0.997588, 0.372098]), array([0.386746, 0.428888, 0.425881, 0.424238]), array([0.      , 0.599413, 0.999999, 0.999999]), array([0.403491, 0.4     , 0.92    , 0.999999, 0.05    ]), array([0.066356, 0.39    , 0.36    , 0.      , 0.360831, 0.75384 ]), array([0.090448, 0.191056, 0.103416, 0.186342, 0.910161, 0.573338,
       0.158195, 0.999999])]
[array([0.736024, 0.738   ]), array([0.670974, 0.931801]), array([0.538784, 0.682926, 0.415306]), array([0.382401, 0.42013 , 0.422214, 0.429692]), array([0.      , 0.599054, 0.999999, 0.989999]), array([0.447072, 0.30274 , 0.82623 , 0.998456, 0.267531]), array([0.053813, 0.341672, 0.33    , 0.088135, 0.354691, 0.745974]), array([0.105972, 0.149435, 0.125   , 0.220093, 0.869536, 0.490015,
       0.18591 , 0.999999])]
[array([0.721024, 0.743   ]), array([0.715385, 0.6     ]), array([0.459096, 0.608722, 0.416672]), array([0.773956, 0.438878, 0.858598, 0.697368]), array([4.18000e-04, 5.98066e-01, 9.99999e-01, 9.99999e-01]), array([0.466591, 0.364801, 0.886231, 0.971878, 0.091743]), array([0.053813, 0.341672, 0.36    , 0.088135, 0.354691, 0.745974]), array([0.105972, 0.149435, 0.125   , 0.220093, 0.869536, 0.490015,
       0.18591 , 0.      ])]
[array([0.736024, 0.728   ]), array([0.718845, 0.55143 ]), array([0.410604, 0.568193, 0.418252]), array([0.382266, 0.42266 , 0.424066, 0.431595]), array([0.      , 0.599863, 0.999999, 0.999999]), array([0.39238 , 0.427447, 0.598043, 0.980637, 0.009115]), array([0.053813, 0.341672, 0.48    , 0.088135, 0.354691, 0.745974]), array([0.105972, 0.149435, 0.125   , 0.17    , 0.869536, 0.490015,
       0.18591 , 0.999999])]